Smoothed X 2	Smoothed Y 2
6	-0.97309066158804
7	-10.0959875342938
8	-16.9381334125251
9	-26.0422620066007
10	-33.6233915341397
11	-39.7653859339158
12	-44.4479424832513
13	-47.7998262584706
14	-50.0010973922412
15	-51.2037196001907
16	-51.6412347103655
17	-51.4496061369032
18	-50.8366245446354
19	-49.8793504845103
20	-48.7241980083038
21	-47.4316503983984
22	-46.1161317386975
23	-44.8197884048025
24	-43.5768910599997
25	-42.3896559364597
26	-41.3639220980803
27	-40.6763909003884
28	-40.4075624527037
29	-40.4862550259133
30	-40.8815431059897
31	-41.4667824778457
32	-42.0972841182103
33	-42.6798064805816
34	-43.2468156268944
35	-43.7461414288729
36	-44.2669142444928
37	-44.8107457172871
38	-45.423007119447
39	-46.024500989144
40	-46.6366587068637
41	-47.1480301489184
42	-47.4241965353737
43	-47.3237616636107
44	-46.9670803942035
45	-46.3195409719398
46	-45.4136238322904
47	-44.4446133607626
48	-43.4946946307023
49	-42.4441162393739
50	-41.3877066652725
51	-40.2325675838689
52	-38.8519555529704
53	-37.2500565546751
54	-35.6038056606799
55	-33.9251747960845
56	-32.4105932205915
57	-31.084916855519
58	-29.9717000825206
59	-28.8815384043505
60	-27.8924824105948
61	-26.8683144141237
62	-25.8206712137659
63	-24.7750265005479
64	-23.8329187235236
65	-22.8913354390363
66	-22.0890191403279
67	-21.5210355755438
68	-21.1293807669232
69	-20.9562591237326
70	-21.0277124971151
71	-21.2808197634667
72	-21.7476980647196
73	-22.5092591218402
74	-23.6269089283297
75	-25.0997888067365
76	-26.9621388499439
77	-29.0365396663298
78	-31.2200871595492
79	-33.46068133985
80	-35.771370348384
81	-38.0082380549113
82	-40.2378899906327
83	-42.4884413990378
84	-44.5448615113894
85	-46.299009545967
86	-47.6461451662828
87	-48.496437977006
88	-48.8310193373263
89	-48.7861786365509
90	-48.3233695362756
91	-47.6235128901899
92	-46.8140863357236
93	-45.9019550556689
94	-44.9426977843294
95	-44.0386685677121
96	-43.2428410560886
97	-42.5845291729023
98	-42.1613756812115
99	-42.0369310711821
100	-42.2570962183674
101	-42.8468897895763
102	-43.704677267919
103	-44.7153696432213
104	-45.7519947813203
105	-46.7582411907613
106	-47.6134829077373
107	-48.3407399850339
108	-48.9738260257741
109	-49.5183966522912
110	-49.9230031136423
111	-50.2199468206366
112	-50.3639043977608
113	-50.2377601679663
114	-49.8484330386172
115	-49.1981172771007
116	-48.3528398266683
117	-47.4556573417286
118	-46.6070448615899
119	-45.7653512622416
120	-45.0058791940162
121	-44.2970268604656
122	-43.4762536250055
123	-42.5661957187702
124	-41.6150414442519
125	-40.6055823664864
126	-39.5269660841673
127	-38.4404119814932
128	-37.4088535111149
129	-36.4930606486151
130	-35.7102305669337
131	-35.0079636144638
132	-34.3960155063371
133	-33.7705821760992
134	-33.1768473058442
135	-32.5840294580907
136	-32.1001228715231
137	-31.8350076669206
138	-31.7789742103716
139	-31.830222183615
140	-31.9946962719411
141	-32.2448730537792
142	-32.4328329109649
143	-32.5692877881229
144	-32.6692224659274
145	-32.8027511534095
146	-32.9896371590098
147	-33.2606605769197
148	-33.7469070300957
149	-34.515537898764
150	-35.5439005377392
151	-36.812327201739
152	-38.35292524755
153	-40.1046912046025
154	-42.0515475557993
155	-44.1974501247704
156	-46.5117536839098
157	-48.9205116110047
158	-51.3159104413043
159	-53.6141606252144
160	-55.6324286798139
161	-57.2935710442066
162	-58.5143630822003
163	-59.2489070215076
164	-59.3928838273386
165	-58.9316832953691
166	-57.8376692052931
167	-56.1219811638445
168	-53.900940079242
169	-51.2518623328457
170	-48.2148388842742
171	-44.9228915109237
172	-41.5789926618834
173	-38.2688249904911
174	-35.0790456280361
175	-32.2302539539089
176	-29.750903131937
177	-27.7162261119485
178	-26.241888683637
179	-25.4152400962512
180	-25.2936221984029
181	-25.9167473694434
182	-27.2238495013615
183	-29.0678970087816
184	-31.3723751608034
185	-34.06445340467
186	-37.0637967236092
187	-40.2567614960919
188	-43.6667514077574
189	-47.1786092592279
190	-50.668985339875
191	-54.1559095826
192	-57.6182435302933
193	-60.8167590951175
194	-63.7341990505656
195	-66.3120415366193
196	-68.4912631009519
197	-70.2813813098023
198	-71.7338324267169
199	-72.8514413504551
200	-73.7209821995844
201	-74.257846641466
202	-74.4511463595182
203	-74.3126788254082
204	-73.9742986972133
205	-73.4080121384561
206	-72.7007013848424
207	-71.9344543901583
208	-71.3140037441005
209	-70.7719384429107
210	-70.4177769184112
211	-70.2632702699552
212	-70.2743388872842
213	-70.4214747100075
214	-70.8425426016499
215	-71.4978310403228
216	-72.4866952011982
217	-73.821232152457
218	-75.4001628460487
219	-77.0862944666296
220	-78.8425486002863
221	-80.5391731779774
222	-82.0888716432204
223	-83.4576892090589
224	-84.7012699723741
225	-85.7557349158079
226	-86.6386971025914
227	-87.3742269809793
228	-87.9429335175455
229	-88.1627604441097
230	-87.9560246384889
231	-87.2374487368763
232	-86.0328926454236
233	-84.4953795910875
234	-82.8679845698923
235	-81.2457189205537
236	-79.7415273072571
237	-78.3223321929326
238	-76.8391716624796
239	-75.2119802390039
240	-73.5249111345907
241	-71.8318819226324
242	-70.237709693114
243	-68.9394340869536
244	-68.0353344309578
245	-67.5616458978007
246	-67.5311593542248
247	-67.9288081092387
248	-68.5597460555534
249	-69.1582796144982
250	-69.6595722915729
251	-69.9506676716109
252	-70.0432345372687
253	-70.0867580867559
254	-70.1940016207844
255	-70.238888891687
256	-70.1582499878357
257	-69.8550912582626
258	-69.180663327078
259	-68.1776729172468
260	-67.0265448478858
261	-65.8691961960991
262	-64.7773580592374
263	-63.961065603892
264	-63.5669980447988
265	-63.6786385036757
266	-64.316215406855
267	-65.4993184910715
268	-67.0866729411731
269	-68.9660353323818
270	-71.1042543792228
271	-73.4545350085448
272	-75.9795485894383
273	-78.7062153829138
274	-81.5704149798056
275	-84.4367571300269
276	-87.2358518693597
277	-89.955037429606
278	-92.4214673485608
279	-94.5564014750471
280	-96.2473206405839
281	-97.4826066982747
282	-98.2292525111388
283	-98.6261573617906
284	-98.7526323043556
285	-98.6418921735139
286	-98.2988130732627
287	-97.776981992821
288	-96.9979239331932
289	-95.9605189227065
290	-94.7013905825467
291	-93.2803939457238
292	-91.6931111094108
293	-90.2007647886625
294	-88.936656213825
295	-88.0476730569453
296	-87.5630235744517
297	-87.5129070595653
298	-87.7444331278156
299	-88.1422184169045
300	-88.6860410407186
301	-89.4734757313381
302	-90.5198996897043
303	-91.8386790415645
304	-93.509092783183
305	-95.4484666536004
306	-97.5160102236024
307	-99.5898968131841
308	-101.471511467
309	-103.043227984508
310	-104.284839331831
311	-105.204368208721
312	-105.78850079231
313	-106.19348892654
314	-106.491197443878
315	-106.705567814832
316	-106.810602780456
317	-106.909637634431
318	-107.016724285806
319	-107.013709736467
320	-106.953336963306
321	-106.958944701354
322	-107.06117522796
323	-107.351832136661
324	-107.946172845289
325	-108.700699902202
326	-109.542907553663
327	-110.446208268032
328	-111.294095074236
329	-112.028289902136
330	-112.702414658964
331	-113.234751223226
332	-113.476872997309
333	-113.442221762339
334	-113.203075469161
335	-112.733982289359
336	-111.995264568205
337	-111.038683166305
338	-109.756175002505
339	-108.039216816351
340	-106.064508581162
341	-103.988712687915
342	-101.909858517125
343	-100.016128368725
344	-98.4093516414862
345	-97.0194455076258
346	-95.9267008042336
347	-95.1344235965114
348	-94.6330229859055
349	-94.4378633800398
350	-94.6055774302285
351	-95.0542108639331
352	-95.7829918161781
353	-96.7969253535818
354	-98.097458367472
355	-99.5749162285279
356	-101.149081710577
357	-102.721295150618
358	-104.167264648229
359	-105.446705978786
360	-106.561362985124
361	-107.442330094576
362	-108.120736215363
363	-108.562123285805
364	-108.726064718738
365	-108.563086218784
366	-108.127680383747
367	-107.397138933937
368	-106.459183155845
369	-105.360689045563
370	-104.20869957914
371	-103.058384413744
372	-102.100629176249
373	-101.394640249362
374	-100.934164601043
375	-100.762119751871
376	-100.987052586302
377	-101.512766435643
378	-102.366451743866
379	-103.567557694341
380	-105.0371624885
381	-106.690688198234
382	-108.567045444052
383	-110.57484689792
384	-112.638454743301
385	-114.661208002766
386	-116.557138516307
387	-118.135094910959
388	-119.294801063091
389	-120.088473562251
390	-120.567843059922
391	-120.60999876303
392	-120.311547416026
393	-119.707480136429
394	-118.781557922637
395	-117.610316802984
396	-116.392204005743
397	-115.09719107536
398	-113.781448362519
399	-112.513944909001
400	-111.332372294441
401	-110.280430434272
402	-109.496764835939
403	-109.037230219121
404	-108.868722582509
405	-108.952980680987
406	-109.364174632207
407	-110.028381227056
408	-110.929151386246
409	-112.095689564198
410	-113.523675794924
411	-115.031343605494
412	-116.648542679325
413	-118.383808375821
414	-120.15192630512
415	-121.886821069568
416	-123.596485044236
417	-125.183503208285
418	-126.581414766361
419	-127.757545584316
420	-128.629652928735
421	-129.141259002437
422	-129.339068130354
423	-129.267599495649
424	-128.926976240873
425	-128.379748680542
426	-127.696463593493
427	-126.771614857738
428	-125.580478655423
429	-124.204325453366
430	-122.747007677183
431	-121.250387061859
432	-119.804755903905
433	-118.471306500584
434	-117.298431955303
435	-116.383135925233
436	-115.777840063423
437	-115.502815008164
438	-115.514808564286
439	-115.740884950608
440	-116.055288008948
441	-116.517918692306
442	-117.305354231671
443	-118.481207431927
444	-120.055822187315
445	-121.952773387532
446	-124.009067581619
447	-126.028509105047
448	-127.91031584839
449	-129.636931180532
450	-131.201104003092
451	-132.531196573998
452	-133.57858315669
453	-134.380209752744
454	-134.948344424019
455	-135.339705178465
456	-135.53426736104
457	-135.427396561926
458	-134.909869921034
459	-133.996379034246
460	-132.806576752191
461	-131.524165599942
462	-130.413340773607
463	-129.643633452803
464	-129.194204038928
465	-128.974649518977
466	-128.981735259915
467	-129.102678363795
468	-129.185479511966
469	-129.333600857879
470	-129.488608858933
471	-129.565786601206
472	-129.64206756567
473	-129.869029182394
474	-130.116693320622
475	-130.342208606402
476	-130.450996111259
477	-130.251210012287
478	-129.561961360673
479	-128.486441717496
480	-127.121574033722
481	-125.581354629795
482	-124.129364305884
483	-122.976700059846
484	-122.02662327071
485	-121.29624809665
486	-120.762467166707
487	-120.332016179065
488	-119.878721408025
489	-119.559664744064
490	-119.310631115884
491	-119.212217184256
492	-119.325952397982
493	-119.805642433837
494	-120.455306690286
495	-121.203587744013
496	-121.967626120721
497	-122.571223951901
498	-122.864048546602
499	-123.019605314235
500	-123.202749142523
501	-123.543113699282
502	-124.081212964902
503	-124.93103829287
504	-125.91886649328
505	-126.967897286266
506	-128.000018947398
507	-129.029542049492
508	-129.882713555271
509	-130.704799866503
510	-131.518105178053
511	-132.33228018865
512	-133.229869582802
513	-134.272241853997
514	-135.198314257463
515	-135.935051620528
516	-136.41455116036
517	-136.631721788074
518	-136.636451438864
519	-136.64234793899
520	-136.705966251915
521	-136.811004584208
522	-136.906957433596
523	-137.068991445527
524	-137.163073334371
525	-137.230173997407
526	-137.287555908412
527	-137.310359956275
528	-137.28062874573
529	-137.418621772404
530	-137.678659041897
531	-138.111350068624
532	-138.654181419363
533	-139.117946302643
534	-139.310369440739
535	-139.317789157728
536	-139.104344806348
537	-138.797269645557
538	-138.492505642076
539	-138.281624270901
540	-138.131856259753
541	-138.07101323314
542	-138.059819474742
543	-138.088284673294
544	-138.120997732033
545	-138.168755778397
546	-138.175860242471
547	-138.227758538971
548	-138.366976619065
549	-138.688726893465
550	-139.066023204078
551	-139.576027618175
552	-140.04171652553
553	-140.434536585237
554	-140.71508696196
555	-140.947834053015
556	-141.107115776961
557	-141.352383064901
558	-141.791023596252
559	-142.362780736511
560	-143.079210457131
561	-143.937339482233
562	-144.856714097659
563	-145.781296046997
564	-146.697323670387
565	-147.588638097992
566	-148.483039965158
567	-149.48443095848
568	-150.522292581797
569	-151.683800204794
570	-152.963426769202
571	-154.304007642791
572	-155.509942199066
573	-156.540557018022
574	-157.393554720928
575	-158.086447916404
576	-158.704992717058
577	-159.301077039143
578	-159.920337513959
579	-160.413683061476
580	-160.817345044712
581	-161.057053658987
582	-161.141363755564
583	-161.077140499974
584	-160.887541046639
585	-160.550542739257
586	-160.12932679221
587	-159.668624460126
588	-159.19293121631
589	-158.770018289735
590	-158.349921243613
591	-157.793866553356
592	-157.13477627034
593	-156.387671715096
594	-155.670686011637
595	-154.992057347124
596	-154.440703723381
597	-153.939815703879
598	-153.524012689317
599	-153.114595408539
600	-152.782764465337
601	-152.534294044425
602	-152.460739018396
603	-152.447671006968
604	-152.490497766311
605	-152.628077437654
606	-152.919186695765
607	-153.338812775885
608	-153.952016863426
609	-154.719301449011
610	-155.621645420517
611	-156.576431729123
612	-157.578127626628
613	-158.595099801694
614	-159.650715474561
615	-160.564356117596
616	-161.350815975269
617	-161.886250954171
618	-162.173872393767
619	-162.098465878293
620	-161.676576628188
621	-160.841010305062
622	-159.680051935812
623	-158.148484355683
624	-156.403558308135
625	-154.558100499014
626	-152.764891238362
627	-151.055601517509
628	-149.554631907766
629	-148.331450665022
630	-147.522159142817
631	-147.043799876745
632	-147.020670031558
633	-147.439609633535
634	-148.250422648092
635	-149.284611549427
636	-150.570250055691
637	-151.854545270304
638	-153.052947568819
639	-154.053194302072
640	-154.85268406488
641	-155.349534919088
642	-155.666106413504
643	-155.72255812116
644	-155.537909141034
645	-155.097797384809
646	-154.533428166956
647	-153.809502901783
648	-153.131886825462
649	-152.572905195231
650	-152.238932318216
651	-152.092466440747
652	-152.317037346661
653	-152.851524621373
654	-153.65931131497
655	-154.675571139132
656	-155.848801054383
657	-156.937769824714
658	-157.961159228509
659	-158.847810241183
660	-159.543242360478
661	-159.995039200212
662	-160.184197368622
663	-159.951564546228
664	-159.366515899897
665	-158.435101125812
666	-157.275301907013
667	-155.943404208273
668	-154.536646460816
669	-152.999875609676
670	-151.356270428871
671	-149.611132502928
672	-147.882324499289
673	-146.207708374734
674	-144.642396046817
675	-143.239773973897
676	-141.976268368289
677	-140.837881463046
678	-139.825463578229
679	-138.924342538317
680	-138.14530374296
681	-137.483541915094
682	-136.892019099047
683	-136.448236535465
684	-136.234057756066
685	-136.206136591882
686	-136.370887371103
687	-136.718302720661
688	-137.081995682692
689	-137.392242942428
690	-137.633475505387
691	-137.813939290245
692	-137.919629354278
693	-138.035760752931
694	-138.141850606427
695	-138.291679343606
696	-138.476804840441
697	-138.717761088436
698	-138.961250811915
699	-139.199698048383
700	-139.394373235752
701	-139.550503590231
702	-139.625033367202
703	-139.676082566703
704	-139.694422278578
705	-139.694783887441
706	-139.69698267296
707	-139.762852133885
708	-139.825814299832
709	-139.943021983182
710	-140.094514474
711	-140.201045673341
712	-140.181863849635
713	-140.119704814057
714	-140.093427771876
715	-140.148074998558
716	-140.339347792069
717	-140.794843343943
718	-141.472005264834
719	-142.21658893846
720	-142.957684118574
721	-143.608613222242
722	-144.054281571458
723	-144.304854588534
724	-144.35558136493
725	-144.191390842175
726	-143.942646028549
727	-143.642070580671
728	-143.255569063847
729	-142.773776300823
730	-142.233069085429
731	-141.560888899714
732	-140.748191002235
733	-139.933702500264
734	-139.294283963665
735	-138.823013716862
736	-138.578528887754
737	-138.571845708191
738	-138.683238705521
739	-138.8077174783
740	-139.014645463675
741	-139.240806707094
742	-139.472916476056
743	-139.62657593449
744	-139.670837148825
745	-139.552611131693
746	-139.298544070423
747	-138.861747315327
748	-138.269741150066
749	-137.507054325119
750	-136.568125278379
751	-135.452793354491
752	-134.300644693996
753	-133.21505091702
754	-132.248655557483
755	-131.338483721813
756	-130.503942790926
757	-129.701966211399
758	-128.997818247005
759	-128.441056996882
760	-128.166140429005
761	-128.06701822944
762	-128.146439988862
763	-128.294560357457
764	-128.495287836343
765	-128.699019193227
766	-128.951874291872
767	-129.170546959291
768	-129.377930492684
769	-129.481864865199
770	-129.41696760724
771	-129.226239119396
772	-129.016196840753
773	-128.759270608947
774	-128.479687809199
775	-128.153474147221
776	-127.801050798595
777	-127.320073664362
778	-126.735381955033
779	-126.061880376215
780	-125.410894418508
781	-124.682550759589
782	-123.905389580851
783	-123.012757004003
784	-122.042752885297
785	-120.982966188714
786	-119.80504572014
787	-118.417647601565
788	-116.843218469247
789	-114.932056523015
790	-112.628533456201
791	-110.050533789992
792	-107.292419472213
793	-104.393267616257
794	-101.419921566198
795	-98.3725937590997
796	-95.3477957446874
797	-92.4602770681183
798	-89.7708336946369
799	-87.3516457760335
800	-85.2623828652998
801	-83.4184952041259
802	-81.8284726272027
803	-80.4954631748299
804	-79.5300084988525
805	-78.9293249352277
806	-78.6987210067114
807	-78.8326671164483
808	-79.2810029954464
809	-79.9124061460545
810	-80.7317779120058
811	-81.6368408436577
812	-82.4583562019468
813	-83.2331140863151
814	-83.9993032496175
815	-84.8045968292158
816	-85.7655669172606
817	-86.8550300930441
818	-87.8922790277253
819	-88.7491708291074
820	-89.3373062762867
821	-89.5870516742518
822	-89.539896534135
823	-89.227851131186
824	-88.7659019853672
825	-88.1156256563962
826	-87.2913858511548
827	-86.322821190109
828	-85.1954946321498
829	-83.832502073745
830	-82.2836759679021
831	-80.5456607571742
832	-78.7261254909884
833	-77.0680011116963
834	-75.7277020066232
835	-74.7925609251609
836	-74.2558757817746
837	-74.0721979417653
838	-74.1590424612662
839	-74.4596478728702
840	-74.9668739551555
841	-75.7549719731759
842	-76.7972705687831
843	-77.9858680336675
844	-79.2415227736533
845	-80.4202658339342
846	-81.3934206362069
847	-82.0785266960413
848	-82.4450482024998
849	-82.5031523069988
850	-82.2041042529047
851	-81.6068632596732
852	-80.7073120578379
853	-79.5946864892046
854	-78.312867970715
855	-76.9901581488799
856	-75.5998982810975
857	-74.2514417747409
858	-72.9928140734385
859	-71.9508402163536
860	-71.117786622867
861	-70.5980135517816
862	-70.3941609613598
863	-70.3883257247508
864	-70.3647287520767
865	-70.4334804163874
866	-70.5446691652637
867	-70.6105080244939
868	-70.6810529191544
869	-70.7402431174368
870	-70.5573883840691
871	-70.1461683750899
872	-69.5629259999346
873	-68.8192939732473
874	-67.9301935823014
875	-67.0121119868259
876	-65.9423401315014
877	-64.7093130915613
878	-63.3972947005432
879	-62.1081597350042
880	-60.78011585628
881	-59.5709890189271
882	-58.5296574865531
883	-57.5635459959259
884	-56.6493563821168
885	-55.9566872306417
886	-55.4175576873621
887	-54.8650396935642
888	-54.2965226823092
889	-53.6312013403079
890	-52.7980537172408
891	-51.8920284169416
892	-51.0608799934885
893	-50.2421281838666
894	-49.5008836556227
895	-48.7808078784496
896	-47.8268151783696
897	-46.6451392396292
898	-45.3433134022356
899	-43.9484919948628
900	-42.4547084758928
901	-41.0303904932241
902	-39.6893350889038
903	-38.4809251659364
904	-37.3749640722822
905	-36.3821084891509
906	-35.5390048130602
907	-34.762821952353
908	-34.036875921016
909	-33.4267450118066
910	-33.0512963158141
911	-32.9709601966292
912	-33.2509321167569
913	-33.8498464329045
914	-34.7293637113274
915	-35.7965408563366
916	-36.9416991344343
917	-38.1931796195359
918	-39.4801960143779
919	-40.8813593934312
920	-42.3072961101835
921	-44.0305903467379
922	-45.9091846957528
923	-47.8455944376511
924	-49.4860926051688
925	-51.0576824881554
926	-52.4425893072049
