Smoothed X1	Smoothed Y1	Smoothed X 2	Smoothed Y 2
1	41.8006370607764	1	41.8006370607764
2	43.7274079968532	2	43.1343699746248
3	43.8750648662448	3	42.6455335831891
4	42.6825658559799	4	41.7602288665693
5	41.141992136091	5	40.8208202437946
6	39.9749334219843	6	40.8707138120225
7	39.1190007280558	7	40.9938493124663
8	36.4735210780054	8	39.5539741598152
9	38.5922590501606	9	36.9558852469507
10	40.81945560202	10	33.1025468668342
11	41.371014136076	11	28.1750936667124
12	41.2950640138239	12	22.2058781104783
13	42.0471251159906	13	16.5444851482163
14	40.2251935180277	14	11.1451597914845
15	20.164377817139	15	6.1427403459698
16	2.82930336780846	16	1.67817998528481
17	-14.0726677048951	17	-2.54348115772008
18	-30.036733135581	18	-6.71845139309763
19	-46.8556674875319	19	-10.9627527092646
20	-43.7789022978395	20	-15.2921268708507
21	-41.0149469289929	21	-19.5907995801667
22	-35.9172909546644	22	-23.6625241732597
23	-30.4948843322694	23	-26.1439535862207
24	-24.7326580949128	24	-27.0913076880326
25	-21.8050979286432	25	-26.6089685628315
26	-22.2935056064278	26	-25.0282589333256
27	-23.6455484099686	27	-22.4055911845465
28	-22.4329655237496	28	-20.1311160491159
29	-20.8506753783673	29	-18.2394257663935
30	-17.0570633772761	30	-16.9687945752591
31	-11.3810081593692	31	-16.4456359801441
32	-6.83758082687855	32	-16.6844494876514
33	-6.32608869299293	33	-17.4573094000171
34	-7.51565125584602	34	-18.3525697467476
35	-9.66177526637912	35	-19.2033389655252
36	-12.6395926881582	36	-20.068483491987
37	-16.8578230876476	37	-20.9675536664327
38	-22.6475054055452	38	-22.1769343021512
39	-28.3148607075214	39	-23.9309234685699
40	-33.3979966141284	40	-26.2399994334082
41	-35.722410807386	41	-28.7765810667972
42	-36.4070866916329	42	-31.3731939036896
43	-35.410133420676	43	-33.8855815760046
44	-34.3367279950529	44	-36.2731569445382
45	-35.1977729130536	45	-38.4402068624894
46	-37.6908456556499	46	-40.3065300905953
47	-41.4737202994525	47	-41.8954726588478
48	-44.3748131938279	48	-43.1733924081922
49	-46.4648438092321	49	-44.3712416616579
50	-47.3475903511047	50	-45.5592375555634
51	-48.4532232161611	51	-46.8550958807766
52	-49.363571856916	52	-48.1324206379553
53	-50.6423538271338	53	-49.2216317601005
54	-52.1489992313087	54	-49.8921517574539
55	-52.5667928542942	55	-50.0198636398961
56	-53.690149609372	56	-49.704808428213
57	-54.2270251002163	57	-48.9975750141839
58	-54.8480082988739	58	-48.0455277698239
59	-53.4965993527323	59	-46.9380016279469
60	-51.5359397452325	60	-45.7811212030798
61	-47.7486456159502	61	-44.4833798348903
62	-43.3893985360861	62	-43.1328606702387
63	-39.6489850185812	63	-41.9349486450851
64	-35.8563425987959	64	-40.8806904603292
65	-33.066881685704	65	-40.0947014416754
66	-31.8403310880065	66	-39.5466779521853
67	-32.0103654839098	67	-39.3528755509356
68	-31.176233304292	68	-39.5357767548163
69	-31.8912117615342	69	-40.2180212312688
70	-34.5981124769896	70	-41.2477786112328
71	-37.8762768380344	71	-42.1710983826965
72	-42.4371898204088	72	-43.0023321236918
73	-46.6276559565216	73	-43.5175116519381
74	-50.5895633339882	74	-43.6070871070027
75	-54.2794578034431	75	-43.1907064754019
76	-57.9823127627373	76	-43.1908401997139
77	-58.835759235546	77	-43.2697381533186
78	-53.4987815905362	78	-43.3025868276507
79	-48.3248487137258	79	-43.2621185780813
80	-40.7945746093988	80	-43.0688733403385
81	-33.1839629139751	81	-42.3456357545654
82	-25.7646560098976	82	-41.3687016648303
83	-31.1782391689718	83	-40.3702529664338
84	-33.0746810656041	84	-39.2551866176228
85	-35.0908425919712	85	-37.8930896426489
86	-37.2692530944943	86	-36.7685436903437
87	-39.5385112542659	87	-35.7675102036446
88	-35.7790921699256	88	-34.991362509653
89	-35.9355519879609	89	-34.4855570287009
90	-39.3027273274958	90	-34.4826253816237
91	-41.2563175305724	91	-34.0193399419387
92	-38.4043046109378	92	-33.4064429908991
93	-36.6305923059583	93	-32.6817990354449
94	-33.3093464132398	94	-31.6978101923565
95	-29.1523591995239	95	-30.6699624352902
96	-25.5968806996942	96	-29.9300090158483
97	-25.7206813037395	97	-29.2043079699824
98	-24.228957573697	98	-28.1515366622806
99	-23.8812268000096	99	-26.9655738102397
100	-24.2211832601577	100	-25.9057817028215
101	-22.5094204481691	101	-25.0208721620093
102	-24.1207948982716	102	-24.4442199363311
103	-24.6797908782959	103	-24.180540266484
104	-25.0500362999737	104	-24.2317859439552
105	-23.5111577119678	105	-24.3373465127747
106	-23.4668747499585	106	-24.5411342364053
107	-22.5074229996651	107	-24.7181557794661
108	-23.3569491937757	108	-24.8171366774539
109	-24.6595630280674	109	-25.0280104629199
110	-25.1971641518176	110	-25.1233947310349
111	-26.3655658617616	111	-25.1855100684613
112	-27.3040898360312	112	-25.3720498736451
113	-27.285773428157	113	-25.7084224131704
114	-26.5365499459207	114	-25.992563095515
115	-25.7058967299759	115	-26.0961531389257
116	-25.6725272301584	116	-25.8363798605899
117	-25.551558919996	117	-25.1866747747859
118	-25.6115209396929	118	-24.4090589334568
119	-27.8481333777308	119	-23.51684923398
120	-28.5567458048463	120	-22.6279015743733
121	-27.728984985128	121	-21.8203772478303
122	-24.061273650825	122	-21.1452557251603
123	-19.4603500187397	123	-20.48817678156
124	-14.9139867410064	124	-19.7187449676792
125	-13.5329265318811	125	-19.014938507403
126	-12.9824203696102	126	-18.3601130734136
127	-13.9698749419302	127	-17.5445047199478
128	-15.1729085300118	128	-16.7022925496102
129	-16.4097271058708	129	-15.9138749716431
130	-15.8497125759721	130	-15.3257674859713
131	-14.1310500219464	131	-15.1136204840491
132	-14.9944620158523	132	-15.0911839790394
133	-15.7891394298524	133	-15.1140270367762
134	-15.6140080757439	134	-15.1951855412126
135	-15.9235632497817	135	-15.1801508889596
136	-15.9027213156223	136	-15.0400300652286
137	-15.2396613657475	137	-14.8310297584534
138	-16.2781449899077	138	-14.6419065061212
139	-14.5774391658604	139	-14.5133847487966
140	-13.8755723979324	140	-14.2565601244321
141	-14.1997979361564	141	-13.9418807981412
142	-13.7443551581353	142	-13.759253390953
143	-13.0710961740464	143	-13.7547447150201
144	-13.2747225042433	144	-14.0035692033917
145	-13.0128637909889	145	-14.5186046061417
146	-12.2032236620784	146	-15.1167168839773
147	-11.1420926503837	147	-15.823080629011
148	-11.0689495354891	148	-16.5630432137102
149	-12.8745969679207	149	-17.1188001573334
150	-15.8559331107885	150	-17.4190165184687
151	-19.6350886411965	151	-17.3774087534597
152	-22.9651924069971	152	-16.9664078390102
153	-25.2498291574419	153	-16.2390455055237
154	-25.1728953413665	154	-15.2508443361521
155	-24.9750111684203	155	-13.9906063780934
156	-22.5361520905048	156	-12.4432236335427
157	-18.247600575164	157	-10.5824515403311
158	-12.4469796989113	158	-8.49285551187895
159	-7.10970878750086	159	-6.13557355759047
160	-2.10242878869176	160	-3.7533325143407
161	2.61979387849569	161	-1.50416975585125
162	7.76147672049701	162	0.327728832637247
163	12.1417916327715	163	1.82294576970237
164	15.0369844302535	164	2.75037803553042
165	15.4880073159933	165	2.92181218174594
166	15.7241406731308	166	2.28275492213664
167	12.7684232417494	167	1.0223453402519
168	8.48761221989989	168	-0.700821806366268
169	2.30558348596096	169	-2.81321216908596
170	-2.54675711244345	170	-5.16247752125067
171	-8.62466810308397	171	-7.66630597211423
172	-15.6760883819312	172	-10.2269459418208
173	-22.0328385930508	173	-12.6509714436035
174	-26.015852515772	174	-14.7960867744436
175	-27.9499359879643	175	-16.5098738670349
176	-29.0660615622997	176	-17.6788323123257
177	-27.4775035619736	177	-18.1641650406023
178	-25.4156351301819	178	-17.937021366184
179	-23.3726151153445	179	-17.1090740240862
180	-20.8723752107471	180	-15.6379530095806
181	-16.4525892894715	181	-13.526311286365
182	-12.9383831471205	182	-11.0895957493037
183	-9.04676445946097	183	-8.69173567126197
184	-4.97440743818879	184	-6.30840499900284
185	0.860398003831506	185	-4.30897569241626
186	3.79454202838242	186	-2.89968225819372
187	6.39072683565319	187	-2.04028483969472
188	9.64178725518286	188	-1.70195983797314
189	10.5348805401474	189	-2.1134087058157
190	8.01796518266201	190	-3.00061005805932
191	6.68389852158725	191	-4.37061121960484
192	2.51393603682518	192	-6.10605872039996
193	-4.27623361684382	193	-8.29680722306175
194	-10.4816538378596	194	-10.767885316511
195	-15.7975001849234	195	-13.4802129962296
196	-22.6243223071098	196	-16.3677921764553
197	-26.2464034307748	197	-19.2981847350548
198	-29.5967818826437	198	-21.9000945068648
199	-31.0061199501157	199	-24.2152197520187
200	-32.0008295360953	200	-26.0175780846675
201	-33.2716293733567	201	-27.076656720986
202	-34.2941883601248	202	-27.5126813266923
203	-33.6719004482031	203	-27.4292243561397
204	-33.4210078388453	204	-26.5879699651152
205	-31.0106813944876	205	-25.2768850497902
206	-28.0429801557213	206	-23.6467399528126
207	-24.5214389529079	207	-21.7454846742004
208	-20.1624131616205	208	-19.6081202289214
209	-17.0220229234546	209	-17.4221171837797
210	-14.5456456266344	210	-15.2318992276242
211	-10.0055064417422	211	-13.1925140743951
212	-6.58012970089912	212	-11.2987777757397
213	-5.14460542798042	213	-9.92604304455224
214	-2.48729077093303	214	-9.13201267510656
215	0.0596371430903673	215	-8.78225890482469
216	-0.481583696231246	216	-9.01589002388222
217	-1.44091901779175	217	-9.69477454985185
218	-3.08112314976752	218	-10.5717242038995
219	-5.0149633590132	219	-11.5896510570248
220	-10.4196604266763	220	-12.8281638637682
221	-16.1325246140361	221	-13.9836513834447
222	-19.2751323986799	222	-15.1685992225011
223	-23.6668799474835	223	-16.3915688257665
224	-27.205290812999	224	-17.5241925328225
225	-27.6998904373497	225	-18.4621882487337
226	-25.2744092386216	226	-19.2788732503106
227	-25.1578218020499	227	-19.9704242254794
228	-22.4769182231277	228	-20.3668705123663
229	-20.2615083567798	229	-20.5781660739084
230	-18.2849069058895	230	-20.7570289261639
231	-17.4709393020719	231	-20.7199461011589
232	-15.5108547564596	232	-20.4532290678223
233	-15.3313981734216	233	-20.1283377388865
234	-15.3882279865444	234	-19.8958989957969
235	-16.3663547299802	235	-19.5943038654079
236	-19.3019580371678	236	-19.4439005649338
237	-21.9580751825124	237	-19.2521692508956
238	-23.1106375724077	238	-19.0316846326242
239	-23.2045353129506	239	-18.5268020182352
240	-22.8265205033123	240	-17.9776038605223
241	-21.787828092277	241	-17.3037005550415
242	-20.6338948462158	242	-16.7682945498576
243	-20.2208687160164	243	-16.266032491376
244	-17.3855386462063	244	-15.7554601395876
245	-14.9776376318187	245	-15.2987062038233
246	-9.897700086236	246	-15.0157869617641
247	-7.27288239076734	247	-14.8964830017587
248	-5.22284859120846	248	-15.0743711710473
249	-7.35713790878654	249	-15.5980361283323
250	-8.83242385275662	250	-16.3749576877555
251	-11.6433727603406	251	-17.365842994228
252	-15.1067661460489	252	-18.6651380676777
253	-18.8668489415199	253	-20.298859069869
254	-21.414975912869	254	-22.4530226225903
255	-25.4948430426419	255	-24.7997616389146
256	-29.642802451551	256	-27.1850706366698
257	-32.287718237564	257	-29.4192026083668
258	-35.0841483131051	258	-31.4608435442051
259	-36.8749647479504	259	-33.2121366160363
260	-39.4834526646882	260	-34.8259630051752
261	-42.2101533770561	261	-36.3409463939568
262	-42.4739676356316	262	-37.9226404837768
263	-41.0024835575372	263	-39.2944876924406
264	-40.8691174842417	264	-40.5180527582765
265	-39.45703789033	265	-41.6524659084032
266	-37.9127688378096	266	-42.5899089216938
267	-39.3141619831324	267	-43.3553957508257
268	-41.5915997732431	268	-44.002523472483
269	-45.1403872601688	269	-44.4709165419887
270	-46.0725511725992	270	-44.8880053844055
271	-47.9962784390897	271	-45.3488381548226
272	-49.303915489465	272	-45.6213073388984
273	-49.1457935124636	273	-45.8706189078838
274	-48.3572671849281	274	-46.0207214983305
275	-49.1903684895486	275	-45.9062532568972
276	-49.2360494196415	276	-45.6125063918035
277	-48.7303002718836	277	-45.1420632944753
278	-47.9149751137942	278	-44.6154328508427
279	-44.9561552453786	279	-44.1159780783206
280	-43.1967114251107	280	-43.5923802822083
281	-40.1643076945096	281	-43.1165459363163
282	-37.5971383616328	282	-42.7520693425089
283	-37.1853967968375	283	-42.2625891322146
284	-38.0837408002466	284	-41.6948684605708
285	-38.1730945181102	285	-41.249668385908
286	-40.5044568512589	286	-40.9559421546758
287	-41.4499485477805	287	-40.911213396738
288	-42.0082783240825	288	-41.0089961478611
289	-42.890118277818	289	-41.3051884985964
290	-41.8481653351337	290	-41.6832754320652
291	-40.7202393449843	291	-41.9927942156295
292	-42.0522991519421	292	-42.2232593336205
293	-43.5090816453099	293	-42.528329641521
294	-44.2852238763124	294	-42.7461653453857
295	-44.6634526919574	295	-43.0685685731222
296	-44.6071929555386	296	-43.4556041746338
297	-43.2684423636645	297	-43.8432920781027
298	-41.828178550303	298	-44.4381153757125
299	-41.5407175701112	299	-45.1947306833913
300	-42.7491491366178	300	-45.6786823508889
301	-43.7719924092293	301	-45.8719364679853
302	-46.2859969638288	302	-45.8607715866467
303	-47.8138123467565	303	-45.64263347586
304	-48.7054368298501	304	-45.2854570011546
305	-50.770514799282	305	-45.1028193348398
306	-52.069468960166	306	-45.0019549667835
307	-49.3115741644055	307	-44.6996156960478
308	-46.4078934017569	308	-44.1127090888471
309	-44.1177506562322	309	-43.2993090920896
310	-41.3913810301572	310	-42.1523611421138
311	-39.2495458349586	311	-40.8445903299501
312	-40.5288773689419	312	-39.5640792629123
313	-40.3152130294591	313	-38.2037714511405
314	-37.0056285090744	314	-36.8581478804102
315	-33.9455500286073	315	-35.8131502062082
316	-31.5709924578667	316	-34.9002540593346
317	-29.0817777141929	317	-34.0803668167442
318	-28.1972501643002	318	-33.3409555384765
319	-29.4977708242834	319	-32.3698016967873
320	-30.3658976227045	320	-30.8190577831865
321	-31.8851153992116	321	-29.0015953611831
322	-33.6366090513766	322	-27.0719741885613
323	-32.7144511986524	323	-25.24681269298
324	-31.8194420173764	324	-23.631468162487
325	-30.3002118561417	325	-22.3471144471814
326	-24.6822382096201	326	-21.1781911347062
327	-17.2677186649293	327	-20.1574422643086
328	-13.0532766994089	328	-19.053883745869
329	-8.06131091974676	329	-17.6935132967433
330	-6.56812759488821	330	-16.0579003862043
331	-7.34082450047135	331	-14.4877995111545
332	-9.81647198460996	332	-12.9028930211067
333	-10.6634004771709	333	-11.4668428138892
334	-14.1865377683193	334	-10.6004687243452
335	-13.8125198461115	335	-10.2508470761031
336	-11.4795586623251	336	-10.1963826467842
337	-9.1024153932929	337	-10.5438362939408
338	-9.16293807290494	338	-10.8739334151149
339	-8.04584466665983	339	-11.1459940972179
340	-8.75945874787867	340	-11.2994436927388
341	-11.6866268664598	341	-11.179306305175
342	-12.0233939412981	342	-10.6115642859042
343	-12.2363102596253	343	-9.85905550566814
344	-13.2731156270951	344	-9.01747237471245
345	-11.5195844125003	345	-8.22273207210006
346	-11.4217347320169	346	-7.61735461351774
347	-12.1182159174234	347	-7.30006856535874
348	-8.86133966371417	348	-7.34088056479893
349	-5.67040747925639	349	-7.59722271807494
350	-2.52488814257085	350	-8.133072666203
351	1.1441883020103	351	-8.81661402471366
352	2.81868914589286	352	-9.34832573582731
353	-0.0822761941701174	353	-9.82877545570336
354	-3.28655394427478	354	-10.0296524060269
355	-9.37163873948157	355	-10.0362944148978
356	-15.5317591655999	356	-10.2292968571186
357	-20.0611431632191	357	-10.7434725411237
358	-22.4894306372851	358	-11.4900871373962
359	-21.2487912937999	359	-12.5962407269329
360	-18.726330210641	360	-13.8160749017696
361	-14.4348889868706	361	-14.7707370206962
362	-12.217846050486	362	-15.4609535243362
363	-11.7563762970269	363	-15.6726344845196
364	-13.3830427393317	364	-15.4764699277779
365	-13.7241070866585	365	-15.0834167073171
366	-15.4481155410409	366	-14.5904030507555
367	-15.4788234766573	367	-14.234347943763
368	-14.4022079780698	368	-14.1272285362333
369	-13.639801498875	369	-14.1748496482273
370	-12.5468531422317	370	-14.1654361199836
371	-12.5892908144742	371	-13.9380792635183
372	-14.1653448563069	372	-13.3108647963405
373	-15.0942257888615	373	-12.566835092331
374	-15.907964688912	374	-11.6632479530821
375	-17.1195390976965	375	-10.8262162509561
376	-15.1492056667805	376	-10.1904969312002
377	-12.0766431268305	377	-9.73590231349073
378	-8.34602345004678	378	-9.4348404769848
379	-3.9748257316649	379	-9.32374746285381
380	-2.56366152651608	380	-9.1590050866455
381	-1.89430845230818	381	-8.98012742832305
382	-2.92334794476628	382	-8.71660776590309
383	-4.8664181817323	383	-8.22000289792818
384	-6.82088223323226	384	-7.64624860619507
385	-8.03092559464276	385	-7.08855570274097
386	-10.9228956025094	386	-6.62211742095651
387	-11.6942092131823	387	-6.37755864982806
388	-12.4110609140247	388	-6.10199576124551
389	-11.9551697526127	389	-5.85636512041094
390	-9.67046607807279	390	-5.79050919885438
391	-6.54289129078388	391	-5.99142724248272
392	-3.71124957501888	392	-6.69880935207011
393	-1.34944922327995	393	-8.30292889970046
394	-0.306444164738059	394	-10.6614934951315
395	1.56978180222213	395	-13.8575256333252
396	1.79015116021037	396	-17.896488207976
397	-1.935509121418	397	-22.6737509867052
398	-7.88018883615732	398	-28.1102496166279
399	-17.4316138770431	399	-33.9592862536262
400	-32.092718809098	400	-39.9359488439312
401	-46.3013645339757	401	-45.5150707142552
402	-59.634691286087	402	-50.3618377951781
403	-72.9954995337874	403	-54.4081107123693
404	-83.6141114335507	404	-57.536772939985
405	-91.2179455269128	405	-59.3763973713666
406	-94.2784408457577	406	-59.905236466825
407	-93.361188429594	407	-59.009555225124
408	-85.0362772781402	408	-56.5819784886639
409	-73.0079503785819	409	-52.8581639610231
410	-59.1243119556457	410	-48.0981876574705
411	-45.1397822540253	411	-42.575234712859
412	-29.5298755921423	412	-36.5730848492931
413	-15.8127752680331	413	-30.2184619402389
414	-3.99639525152743	414	-23.8820680510253
415	4.32093223780394	415	-17.8661093436182
416	9.55585338063538	416	-12.5512510568401
417	11.7649532672018	417	-8.07283645105861
418	9.84879463538527	418	-4.50437664104007
419	6.41813651993871	419	-1.80084768332544
420	4.10139810889959	420	0.0682902885228121
421	0.767467492446303	421	1.39060149426259
422	-3.12180781848729	422	2.26469474725422
423	-5.31340297646821	423	3.00911986830331
424	-5.83173129186034	424	3.83650553482271
425	-5.59741480536759	425	4.86659000183142
426	-4.58684788830578	426	6.27382405094799
427	-1.4928060144186	427	8.06561097095407
428	4.0218928180635	428	10.0566996940225
429	9.11500354334712	429	12.3932011689494
430	15.4873090535402	430	15.0389365630597
431	21.9666383784264	431	17.6890073963999
432	27.2162202723324	432	20.2775764526427
433	30.9573053721339	433	22.697568473344
434	33.2949403200299	434	24.7816001328826
435	33.9677289549261	435	26.402195813631
436	35.8149896163493	436	27.4618248875687
437	36.5642230931669	437	27.978454956611
438	34.4376595236361	438	27.8684375807891
439	32.9968045517802	439	27.1175014740725
440	30.7024655051529	440	25.9870769270261
441	26.6736270047724	441	24.6094200128565
442	22.8161291968077	442	23.0630443415294
443	19.9163289271295	443	21.5163117394844
444	16.8644545789808	444	19.8467377943794
445	13.8370484162122	445	18.0816765224437
446	10.7025967776775	446	16.3675214653213
447	10.2598520666361	447	14.6991116579373
448	10.29245165959	448	13.1574312954147
449	10.0993052501231	449	11.9911383445064
450	10.766739924252	450	11.0818099817385
451	10.7713804397732	451	10.443343559578
452	10.0883040141314	452	10.1151425624142
453	8.72533366680145	453	10.1043290818731
454	7.97065744102001	454	10.3239303698887
455	7.57726006731391	455	10.8169865273187
456	9.17923274114728	456	11.5673901880532
457	9.17620375528932	457	12.5684374286482
458	10.3393325947225	458	13.8237659519414
459	11.941439621523	459	15.5068564589073
460	13.6748462080956	460	17.4860952488084
461	13.9966160979122	461	19.8359451065709
462	17.6556944280863	462	22.5423601716011
463	21.5485065706074	463	25.5417726559688
464	25.1150138590485	464	28.5734803664932
465	29.5966677736491	465	31.6689828826238
466	36.0177380442619	466	34.6556795018911
467	39.7768858626485	467	37.4837749011069
468	43.9730815332383	468	40.0941969387233
469	48.5668834164739	469	42.5849079485734
470	52.5684473328292	470	44.6770094704379
471	54.6548483990133	471	46.4006167948991
472	55.6087414972484	472	47.6141371785352
473	55.1397818837315	473	48.2512520352006
474	54.3628706097603	474	48.1411100648095
475	52.8311767723411	475	47.7518005886177
476	51.3572812456638	476	46.9828245811909
477	49.0372172560543	477	45.8738304746896
478	47.4026164375246	478	44.5783150619516
479	43.3178196135908	479	43.3096448269238
480	39.1533906236291	480	41.9419501425077
481	34.3656084883958	481	40.6442704599847
482	33.9372437197715	482	39.3896783596774
483	32.4384414218366	483	38.0266211937119
484	31.9319718189538	484	36.4197668166955
485	33.1357161417603	485	34.5564985577265
486	35.6247948735952	486	32.4947432623555
487	35.0933212310076	487	30.3664851849277
488	35.6745866458863	488	28.2297268697371
489	35.5439891051501	489	26.2770056627194
490	32.3853192828596	490	24.2943296204755
491	27.2544655904174	491	22.3224260289967
492	21.0881933715194	492	20.440681284666
493	16.4762870069593	493	18.7456390205274
494	11.3939484521747	494	17.1908250772704
495	7.102015895769	495	16.1881784576922
496	5.07479038313031	496	15.5519257466743
497	4.19710308611393	497	15.293501715213
498	2.85988754965365	498	15.569504812633
499	3.70580065399408	499	16.375786338523
500	7.71008217968047	500	17.5966067868222
501	12.3025857247412	501	19.0453274212777
502	20.0536219373345	502	20.6561126809318
503	26.1307959806174	503	22.1805281506478
504	31.6676286332309	504	23.4521327818433
505	36.5253657441586	505	24.4273425987611
506	39.3486884787679	506	25.2364979670445
507	39.4005000960082	507	25.7830177899946
508	38.2070965237915	508	26.0400371609131
509	35.5557273469865	509	26.0442284182707
510	29.9682479415089	510	25.4709231146921
511	24.1488598510623	511	24.4583164733399
512	18.8252503398806	512	23.2259763980656
513	14.9972180739045	513	21.7376301662623
514	11.9035979982466	514	20.1781216122458
515	11.5653727434576	515	18.8405152822534
516	12.3654545851052	516	17.7124491883317
517	11.4540423836559	517	16.7859856135398
518	10.9416963603348	518	16.2146874414136
519	13.1825275041163	519	15.9403336294988
520	14.2001722671092	520	15.9530268842478
521	15.9560601685196	521	16.2452660092711
522	19.336405146122	522	16.7232088097681
523	21.2861051149666	523	17.3329699261734
524	21.6587737251073	524	18.1149270874261
525	21.3987753596157	525	19.1737805410722
526	20.0335526723415	526	20.5568210586408
527	19.0156491611153	527	22.20641939496
528	19.3808049492538	528	24.1264800013601
529	19.0727400057018	529	26.1397384581714
530	20.7117894895375	530	28.1016722147415
531	24.0948120038956	531	30.1746154922992
532	27.3368441883475	532	32.5335411853094
533	31.6873041238636	533	35.2197357714921
534	37.9265025489032	534	38.4596076551079
535	43.0010813631117	535	42.274721855695
536	46.1549370206892	536	46.4581789766251
537	48.7654114946723	537	50.9141005758444
538	52.380254278332	538	55.503703359117
539	57.0426591202617	539	59.8437595487385
540	61.6916941523552	540	63.9249711110442
541	68.6316309265792	541	67.5638134920845
542	76.2423621699214	542	70.4560705649107
543	82.1326617632061	543	72.6683749221016
544	85.9115639939904	544	74.4011136976381
545	89.5558312386274	545	75.528943668132
546	89.195654848218	546	76.0932085013141
547	88.5550176229328	547	76.1435674002269
548	86.2699398394674	548	75.6823190660526
549	81.3103586412966	549	74.5628012622644
550	76.1856467209756	550	72.8306037426988
551	72.1460186537355	551	70.7145104770611
552	65.682861052081	552	68.3921705329418
553	60.8442267760634	553	65.9516509029021
554	57.7980426039547	554	63.8179592470576
555	54.7729691397399	555	62.2052971189717
556	51.8388638697565	556	61.1159638063609
557	50.2593993764371	557	60.7903066699207
558	50.3912627786398	558	61.1502649536977
559	51.0764648322016	559	61.8622791166852
560	52.9480367880315	560	63.0421218428512
561	57.1902800105512	561	64.5224023854732
562	64.3650857016444	562	66.1734317659587
563	69.9299401503056	563	67.9880056602756
564	76.4255015946925	564	70.0850210113078
565	81.5850209776312	565	72.2196971914172
566	82.8262310985476	566	74.2846842074891
567	83.3805019445717	567	76.2038406424472
568	83.0484349153936	568	77.8220636464903
569	82.5634833112359	569	79.0047332133352
570	81.9915775544941	570	79.6276422353089
571	83.2940941352397	571	79.7891650627553
572	82.2795420780778	572	79.2423712988446
573	81.3660680197179	573	78.229567243879
574	79.8638113565743	574	76.9688821685562
575	77.221381848678	575	75.5818905421346
576	74.9303235132247	576	74.0800450952599
577	73.7087210312486	577	72.6448206380755
578	72.3527825620025	578	71.2351117116213
579	68.2235951360315	579	69.8021696030597
580	66.3929601531476	580	68.4839036079745
581	63.9159549687058	581	67.4514807540427
582	62.5756275482476	582	66.7037616200745
583	60.5207532122731	583	66.3236214399835
584	61.0351164534688	584	66.3603345959137
585	60.8459436576813	585	66.6564199016492
586	61.7999625068158	586	67.082252700304
587	62.5055521517992	587	67.9438905656338
588	65.8797252107412	588	69.0229960850875
589	68.648024347052	589	70.3145081067582
590	71.519279147312	590	71.7620318096876
591	75.4810208521783	591	73.3266626139979
592	78.1500006172806	592	74.7005462146799
593	78.7402745418251	593	76.0637485388418
594	81.1481631159782	594	77.2688087283323
595	82.5795429449528	595	78.3505066382637
596	83.2886352937669	596	79.1957604495685
597	84.2884830921888	597	79.9177417016278
598	83.9902152769268	598	80.3477087061853
599	81.6433704636991	599	80.4295408595602
600	81.2939785201102	600	80.2115099407485
601	79.8758653491736	601	79.8902671652536
602	78.7310208007693	602	79.3025668782741
603	78.5585323803127	603	78.6975651424627
604	79.4777431279421	604	78.0318585168819
605	77.9687842156738	605	77.2483761861673
606	76.7085031528026	606	76.3798444132011
607	74.8795368351042	607	75.698245323971
608	73.9216329094022	608	74.8402430787435
609	72.3326588112861	609	74.0082753453901
610	73.5045169077814	610	73.2086074228089
611	73.303035910055	611	72.2934384985021
612	72.5362481314689	612	71.012599161615
613	70.962238682434	613	69.5698163003475
614	71.4193841252476	614	67.8626770574352
615	68.4239448416978	615	65.7785487180949
616	67.3963493488729	616	63.368331486409
617	66.7360019620508	617	60.7602337686718
618	64.8309985157102	618	57.7794558118036
619	60.2651530746371	619	54.7173415171604
620	56.3270412966609	620	51.8986447120955
621	51.1014145091176	621	49.5070595383148
622	43.6176117449999	622	47.5114651671798
623	37.7683744341135	623	46.2912918271373
624	33.2111930452287	624	45.5752059082439
625	28.7928475547582	625	45.3012362947564
626	27.371321490407	626	45.5117242776106
627	30.2557960554957	627	46.3565831395736
628	35.0884610757232	628	47.5977557186783
629	41.4854685582221	629	49.2949745921294
630	50.1213447410613	630	51.4153385639439
631	56.6550605654717	631	53.6646617772431
632	62.626457759738	632	55.8665221678963
633	67.9883182585239	633	58.1285351547351
634	72.9380360040814	634	60.087164007326
635	74.9446299832314	635	61.4128859827419
636	76.5596976108849	636	62.163336664786
637	75.4230713222176	637	62.3327014531692
638	71.5082226336002	638	61.6856770322969
639	66.2390989050269	639	60.6121811940273
640	62.7230423573405	640	59.2977684409172
641	56.7507542792708	641	57.862615523388
642	50.1416256867349	642	56.2445392693083
643	46.3452213063836	643	54.8084249420216
644	44.0259403839707	644	53.617830330208
645	40.4159784279764	645	52.9729516828061
646	40.5526229914278	646	53.0179632729292
647	42.910266463086	647	53.830572333932
648	46.4610244955868	648	55.2427897352974
649	48.6668921928853	649	57.2637436689189
650	53.4029150739312	650	59.815362693742
651	58.7007784336805	651	62.683795157522
652	65.7498916111886	652	65.9208131477982
653	72.1833964854479	653	69.5596817561736
654	78.4282348200679	654	73.3024636324496
655	83.906303377822	655	77.0721465827774
656	87.0650632835925	656	80.6885746404281
657	88.4159110590816	657	84.0715525541703
658	89.3717082630843	658	86.9387655178458
659	92.581210238114	659	89.3924337106447
660	94.9990075536072	660	91.2212193445117
661	96.6943511355668	661	92.5817229048412
662	99.4555107180029	662	93.4386074540268
663	100.707445360348	663	93.9456746298572
664	99.4115608990192	664	94.2157783763608
665	96.4111095290631	665	94.2649611136815
666	95.5058013256639	666	93.9105162436267
667	93.1816761191934	667	93.0276642367493
668	92.59094989039	668	91.6359337374568
669	91.2815030578524	669	89.6357149002701
670	91.5123110152781	670	87.0617054164658
671	91.1166194811463	671	84.2469433392585
672	89.1536521188915	672	81.4554962285857
673	84.0550352122635	673	78.8982156926891
674	79.3384301349521	674	76.6585658297936
675	74.123050064221	675	74.871183147654
676	66.6910685777664	676	73.2833669576297
677	60.8453684609383	677	72.004029096216
678	58.4860142022371	678	70.8838720004261
679	57.5398542389274	679	69.8524611066033
680	58.0519014906138	680	69.011629336824
681	61.9110533822328	681	68.6602271674574
682	66.3709358870983	682	68.7805356706679
683	68.7737070400268	683	69.3835329339156
684	72.091435136646	684	70.7937746954461
685	74.7099545784295	685	72.8980280337731
686	75.6454560738057	686	75.4692673902214
687	76.5411755722016	687	78.3123786830654
688	78.7840026717633	688	81.2066047901164
689	81.1430576831102	689	83.777163229088
690	83.1680090129375	690	86.0000880680978
691	87.844695000723	691	87.9895554674914
692	92.4091685358435	692	89.6696505066753
693	97.0546045489609	693	91.1847888407112
694	100.186523631588	694	92.6990967183312
695	101.465293096378	695	94.1186782259991
696	100.469429966807	696	95.3086564620336
697	99.7148084722459	697	96.2334383592258
698	98.6157180309296	698	96.8359786218902
699	97.2928607244044	699	96.7037387342006
700	97.4370295889676	700	95.973624946028
701	98.3600742381066	701	94.6472553131729
702	97.8348981872201	702	92.8503521732489
703	96.633676212281	703	90.7737577963869
704	95.0147861409932	704	88.7579048412542
705	92.2061129529029	705	86.6560102377832
706	85.8610966853797	706	84.4667924834539
707	81.4574617132544	707	82.1441750464589
708	77.1590600561351	708	79.6071327901632
709	73.2329765327275	709	76.880528731371
710	70.3163774434477	710	74.1483499917885
711	70.2316356398165	711	71.476635034581
712	68.1863894201815	712	68.9304850333681
713	65.7774517159909	713	66.6038221879055
714	62.4535991694778	714	64.8204587038607
715	59.3813957445323	715	63.4955433606605
716	57.4610133562237	716	62.7050056386242
717	56.8522170934826	717	62.511287915806
718	56.5579518541694	718	62.7599171650907
719	56.8225361227989	719	63.0630672570567
720	57.3061702709645	720	63.6534348379076
721	59.1106444247067	721	64.4588792143514
722	61.5837315652519	722	65.3712152625124
723	65.3009942255914	723	66.5307380614678
724	70.3272106904537	724	67.883815539976
725	74.0458161827177	725	69.1925736927241
726	74.7788870193064	726	70.4583692034334
727	77.0419031329453	727	71.8636318018039
728	77.8591173626482	728	73.4672546547651
729	76.1386398918927	729	75.2751668420931
730	76.774237728864	730	77.2178553606321
731	77.757175533846	731	79.2064874836554
732	76.4835893847048	732	81.0400829579681
733	75.5448845148087	733	82.5441171963761
734	77.9014750983566	734	83.7584890315185
735	81.3605130653828	735	84.4636839814484
736	86.2293272346258	736	84.6401892825961
737	90.724059343338	737	84.3831204092254
738	95.1304760709405	738	83.6715682268391
739	97.8311428051442	739	82.6586885037273
740	96.6063297588378	740	81.6539835785329
741	92.994464546442	741	80.6573845671117
742	87.619827381894	742	79.4853556842357
743	80.5066968798637	743	78.2283155780286
744	72.2826067913324	744	76.7348317963133
745	66.1009549930692	745	75.0884600818902
746	62.5639796871692	746	73.5201782667389
747	61.4130155067891	747	72.4571042852104
748	60.5958993434906	748	72.1911264490088
749	60.321041855216	749	72.9757451724261
750	62.5049114722759	750	74.8262474130094
751	63.8270705088973	751	77.7847589830061
752	66.0284836269915	752	81.5210368015866
753	71.6062488436699	753	85.4366404667745
754	81.885033082217	754	89.1091633328795
755	92.616662215814	755	92.3608308121314
756	104.763745397702	756	95.0237181030214
757	115.377360990644	757	97.1401474784315
758	124.884370429814	758	98.802997911796
759	128.326774070039	759	100.018435869391
760	124.835009970888	760	100.729571495901
761	117.651822678745	761	100.648866892084
762	110.188027695566	762	99.4544231037547
763	100.539208706841	763	97.1707978785783
764	92.0674824863672	764	93.8539028917502
765	87.4476679727435	765	89.8124296922734
766	82.0586398728192	766	85.2733540950964
767	76.6955180246383	767	80.8689287749927
768	70.3956797864288	768	77.1858612410228
769	63.9683762572706	769	74.6164649102837
770	58.3622838381678	770	73.0014507933458
771	55.0103205952793	771	72.498127454718
772	54.7552629984915	772	72.8038330990325
773	56.7982364721596	773	73.5414471264681
774	62.2603942684829	774	74.7223787263285
775	69.5889969613403	775	76.3673754690588
776	79.1108777176589	776	78.4481118763239
777	85.9628159414977	777	81.0144979926945
778	92.9893586274236	778	83.9156821574768
779	96.6530671510845	779	86.9102531892807
780	98.5118783842772	780	89.7648063390455
781	99.772613870725	781	92.3194549405824
782	101.370469165593	782	94.4183385770024
783	101.606725895405	783	96.0206316106767
784	102.464168002829	784	97.097676482449
785	101.880046309903	785	97.8565757493924
786	99.9288860723376	786	98.2506003935139
787	97.5735602449626	787	98.5020982389153
788	95.1179654952139	788	98.7088342182836
789	93.7436488147825	789	98.7535781784108
790	93.6233924664557	790	98.5071025568247
791	95.2665507942438	791	98.0509868657093
792	97.3463049456477	792	97.3092276306451
793	98.8997282892466	793	96.4315455909322
794	100.425534832105	794	95.4114636232953
795	101.612918074802	795	94.397324904725
796	100.443773272634	796	93.487868375207
797	97.6733348418027	797	92.546468148008
798	94.7649905286729	798	91.4226953082532
799	91.3377794768661	799	90.1975126013409
800	88.7148157142103	800	88.8360026700298
801	84.6276565577835	801	87.4679811146359
802	82.3614794664085	802	86.0689624063423
803	81.4761175524443	803	84.6098027596872
804	79.6226454067975	804	83.2192906033993
805	76.7667998701334	805	81.7904652116697
806	76.8888101905584	806	80.2040857733041
807	76.9236559759825	807	78.5748562386384
808	78.3794049583375	808	76.8785851518314
809	79.4402542077005	809	75.1439727814744
810	79.7255233749747	810	73.4865885112683
811	79.5860909283161	811	71.8257542085151
812	76.2409539658576	812	70.3267054745307
813	70.9692989531904	813	69.1048880570382
814	66.89933645688	814	67.959801328828
815	63.2707494121045	815	66.9632725851238
816	58.6084710024297	816	66.0356443479906
817	57.5007154133171	817	65.1339238489668
818	56.5636030111462	818	64.4722391813994
819	57.1369143970311	819	64.3060140074293
820	58.4395386077464	820	64.8479795142512
821	59.7125092674047	821	66.2365285053353
822	61.9757248204201	822	68.2224220764389
823	64.4649814013392	823	70.7479370435576
824	65.9144467223436	824	73.7913924489667
825	69.8002533614635	825	77.041868692413
826	77.0927133187652	826	80.5431400365134
827	84.3704365681857	827	84.2756719271094
828	91.7975338194519	828	87.9172905824582
829	96.6877400234342	829	91.2826264021546
830	101.153473918885	830	94.1567931653312
831	104.260302083567	831	96.3139293753108
832	106.257859065011	832	97.851739863654
833	109.082673172653	833	98.6996031269432
834	113.12489275597	834	98.5902861103168
835	113.063818437979	835	97.5654083888233
836	110.19254656285	836	95.7704932631801
837	105.088226268068	837	93.5371375444035
838	96.822024551034	838	90.9803126357993
839	88.9816040474921	839	88.4390311833472
840	82.5182023108005	840	86.0905086894582
841	75.4529580693692	841	83.8898292339345
842	68.9972707457841	842	81.636034462601
843	64.8738069348037	843	79.6955703976751
844	63.1874042417854	844	78.1985080666344
845	62.8011002898216	845	77.2423388390492
846	66.1410802967846	846	76.9606124497454
847	71.0300216566771	847	77.2243246909728
848	76.0724813397974	848	77.7041972769052
849	79.3179711859673	849	78.3019499899199
850	83.95685746409	850	78.8514721220484
851	87.73661159724	851	79.3328392678003
852	90.74568785429	852	79.7598572681348
853	92.5961287114769	853	80.1362778063616
854	92.9372876659036	854	80.1966456823797
855	89.7162910997868	855	80.0343523639689
856	84.4192487645894	856	79.7143953611951
857	77.2401027277112	857	79.2805106900882
858	72.0943141210824	858	78.6135209257405
859	69.5926742468029	859	77.938658093835
860	68.4474083632231	860	77.2111143196871
861	67.0465984370559	861	76.430061867113
862	68.5956218805164	862	75.5671011966219
863	71.2731262981892	863	74.9522116915386
864	72.8097011193633	864	74.6772017959506
865	73.9520109988749	865	74.8102808556706
866	77.6136691186577	866	75.1106214600554
867	79.8325312420726	867	75.4298372094085
868	80.8803419228643	868	75.5235016095887
869	79.9928776085377	869	75.3576521232228
870	80.4929485235363	870	74.8835005706053
871	80.29410033077	871	74.0904145252953
872	79.2362886235118	872	73.152702469801
873	76.5994231868535	873	72.213158292994
874	74.3809104871005	874	71.2639435235411
875	69.8523743659258	875	70.2760393081109
876	64.5588561415672	876	69.2968798816453
877	61.4833485912532	877	68.3985525369396
878	59.3768356185406	878	67.6057872036348
879	58.7440202869475	879	66.8875608952841
880	59.8588483467698	880	66.3747579752158
881	63.3754475768656	881	66.2936769315601
882	65.0139680106193	882	66.4966680368782
883	66.1929505258799	883	67.0523488639792
884	66.5179674379528	884	67.8928151695928
885	68.6014685239643	885	68.8627106301487
886	69.5207057055086	886	69.8439767496288
887	71.5442448224872	887	70.8518952605626
888	75.3832075320184	888	71.7681459075461
889	77.4257770668715	889	72.5137370102853
890	78.1875867724419	890	73.2883525591841
891	77.16585072577	891	73.9414706134797
892	76.0317804995924	892	74.7850195040803
893	74.0958274107426	893	75.7226552388072
894	73.8627979509533	894	76.8587834156802
895	73.6026080515236	895	78.0733197572083
896	74.5593141179532	896	79.455832025384
897	76.6332012441009	897	80.974936956217
898	75.9897213403136	898	82.7501225918035
899	79.1712007969618	899	84.8550273259482
900	82.6660045448691	900	87.2659685505927
901	86.5626283586025	901	89.9441946388037
902	89.7622899454087	902	92.6258859043569
903	96.1208915546536	903	95.1598949620873
904	100.212351029366	904	97.4710342925043
905	104.815371306241	905	99.4473290236792
906	108.739421737939	906	101.15278219603
907	112.195898869261	907	102.23764946945
908	114.269218733907	908	102.628079897439
909	114.088166934252	909	102.128761221245
910	111.61274391748	910	100.85686480855
911	109.226404074207	911	98.6916949760418
912	106.277622211725	912	96.2037314994882
913	101.571518925577	913	93.4211914736282
914	95.4442098982632	914	90.5753260515631
915	88.5224609646946	915	87.8580867010107
916	79.0728482156992	916	85.2815564318499
917	70.683843754977	917	82.8604784440498
918	63.6433440670371	918	80.8409479059776
919	62.8928988810629	919	79.1641834996393
920	63.0772709183395	920	77.7819734628002
921	66.0514404069632	921	76.904450985541
922	71.4373086109757	922	76.5421864964565
923	75.6212646964937	923	76.670145785908
924	77.7719971172512	924	77.4619781946143
925	81.3197858463973	925	78.664415528675
926	84.0749379791319	926	80.1637629319976
927	85.5444716591388	927	81.5926038801174
928	88.4086817666888	928	82.8731034039955
929	90.010242561996	929	83.8435308790704
930	90.4418503064662	930	84.5465545474987
931	90.9503343462944	931	84.9942485251775
932	88.720403765887	932	85.2805471359442
933	86.133555116877	933	85.1671634142598
934	84.3255131028593	934	84.7305329938234
935	82.284763776511	935	83.9158997594318
936	80.6078525330871	936	82.6955510876329
937	81.9826636373997	937	81.1172090376169
938	82.336674361676	938	79.3416867569338
939	82.0664762787521	939	77.3884497227769
940	79.619030021131	940	75.5817201080919
941	77.525481672585	941	73.9933848717313
942	73.3249731432647	942	72.6399088502924
943	70.1034516897053	943	71.5473948773742
944	66.3351118117571	944	70.7500846989205
945	63.8090160962194	945	70.0603135192643
946	61.6517788339406	946	69.6460570001851
947	61.6194595456123	947	69.6164672197651
948	62.3085265714675	948	70.2635549142709
949	64.0233727812767	949	71.5873799940944
950	65.8970541827381	950	73.6713354562472
951	68.6481998562813	951	76.3040687276672
952	71.6360959425569	952	79.4762199773888
953	76.1228265754878	953	82.9336788977683
954	81.6226295724511	954	86.5163408325365
955	89.3253454387188	955	89.9345369842152
956	97.382857869938	956	93.1089578672996
957	104.584305075556	957	95.8317899216215
958	109.594450761005	958	98.1759617216141
959	113.917380557582	959	100.072163205072
960	115.670899901912	960	101.516095357314
961	115.391707855463	961	102.445133407017
962	112.892401820794	962	102.778044886962
963	109.924839817733	963	102.347887280732
964	104.865853596106	964	101.410358176728
965	101.059631182626	965	100.05638323081
966	97.0912221081555	966	98.4516990152995
967	93.2950782261789	967	96.7520230026047
968	90.0583973210305	968	95.252982880051
969	86.6163017716259	969	93.8571479471774
970	82.872981345281	970	92.6492974154403
971	83.3199213098735	971	91.6246287411204
972	84.2746808867902	972	90.7336275324971
973	85.524187528342	973	89.6984531434378
974	88.4222403671592	974	88.3393925807874
975	93.185298063606	975	86.740496743247
976	94.4541838623583	976	84.7797094473243
977	94.7746438447386	977	82.6639960795393
978	94.5548097029328	978	80.5741511236629
979	91.5008354667574	979	78.3742752472063
980	85.5320153467357	980	76.0641941372057
981	76.7053136684001	981	73.8251230115444
982	69.3116406630725	982	71.5619847780219
983	60.6465878821909	983	69.3223258785656
984	54.8806012548506	984	67.3675517562032
985	51.525307007134	985	65.724092200622
986	50.321783163026	986	64.4813374549648
987	49.623464236781	987	63.8886047501863
988	51.938120643422	988	63.9538160261016
989	54.4751668643206	989	64.9716702742875
990	59.5904145717621	990	66.9004643546542
991	65.1325720269233	991	69.7317693428696
992	70.1227505110204	992	73.2014906540514
993	75.9134885180742	993	77.2092658580592
994	82.6098448950797	994	81.407660122489
995	86.5101844854653	995	85.8042224306614
996	91.9731273911893	996	90.0738830543062
997	98.2435518685728	997	94.23210370635
998	103.116162705421	998	98.139870340998
999	106.926420922577	999	101.710046834474
1000	111.641935067251	1000	104.877781989972
1001	113.297697129473	1001	107.638365611186
1002	115.571898859367	1002	109.795893742368
1003	115.983029998094	1003	111.356611218527
1004	116.848476644978	1004	112.225284249609
1005	118.206914091483	1005	112.433421171779
1006	118.685219429061	1006	112.136485401268
1007	117.63877784349	1007	111.421595654835
1008	117.322242836282	1008	110.196688072359
1009	114.97276686281	1009	108.869319179654
1010	109.920946627855	1010	107.233682148581
1011	105.003222857416	1011	105.295959055126
1012	101.365605701134	1012	103.063831201245
1013	98.662126147747	1013	100.485206200133
1014	96.2030747260898	1014	97.6115944369138
1015	93.2683213301003	1015	94.662631852006
1016	93.3871637389064	1016	91.7868143429856
1017	91.0373433932662	1017	89.189723489061
1018	86.9171835962683	1018	87.2227108633022
1019	83.366558836773	1019	85.7998220293721
1020	79.5275390747935	1020	84.8252966730545
1021	75.5810429807752	1021	84.165040407305
1022	73.4043390698731	1022	83.8602321667969
1023	74.1849802009761	1023	83.8841314550738
1024	76.0164040539414	1024	84.1131955986719
1025	80.4157572414726	1025	84.7148663075517
1026	83.6598903484642	1026	85.7225760278851
1027	86.7477253563702	1027	86.9880495067189
1028	88.758282161504	1028	88.4583284959942
1029	91.6309511184692	1029	90.017626835679
1030	93.6268106542528	1030	91.4409714719405
1031	96.8231258928776	1031	92.6194281806052
1032	100.062404026464	1032	93.5224871833374
1033	102.03282940127	1033	94.0520323046049
1034	102.348661019281	1034	94.4587551724911
1035	101.581723913923	1035	94.8937625121326
1036	98.9705180760473	1036	95.440617467463
1037	94.754508613795	1037	95.9186907162269
1038	91.8618308309466	1038	96.4324224123856
1039	89.5622890949249	1039	96.7451620661716
1040	88.3589340604842	1040	96.8077946257095
1041	89.7607333667576	1041	96.7304023831586
1042	93.272835450992	1042	96.8235210237404
1043	96.9611064914614	1043	96.9308128548662
1044	98.8020498499274	1044	97.2541363701225
1045	101.332786096632	1045	97.779896861439
1046	101.514220699668	1046	98.2671029773107
1047	101.001892419532	1047	98.6261923160156
1048	100.871945763007	1048	98.9386326111108
1049	103.745440628007	1049	98.9199254706502
1050	103.19110138081	1050	98.4860354138663
1051	103.820370804891	1051	97.6974945419779
1052	102.640915983543	1052	96.5472219622135
1053	99.1699225690216	1053	94.9497222257157
1054	94.9486291754991	1054	93.1614808251957
1055	93.0455384869128	1055	91.334815211768
1056	89.4801262598485	1056	89.4311944440256
1057	86.7644845992327	1057	87.3462633634111
1058	85.1329934131354	1058	85.381432866628
1059	81.5479611534625	1059	83.4837132917842
1060	77.3702900491655	1060	81.7625622534256
1061	74.6905996918678	1061	80.3915776093553
1062	73.6019082181156	1062	79.4288465427359
1063	72.3176342468709	1063	78.7046555967133
1064	72.4714744187891	1064	78.300841239666
1065	73.7186439290643	1065	78.0937774747114
1066	75.3545771822333	1066	78.0015996997556
1067	76.8236504081637	1067	78.2171962026756
1068	78.6051529079676	1068	78.7676167319467
1069	80.5076631762087	1069	79.4735598851989
1070	82.1826742965728	1070	80.1624554267029
1071	83.4229109041393	1071	80.9415518326064
1072	83.6585281249136	1072	81.5792803855241
1073	83.750326788798	1073	82.0693699183812
1074	84.7819086972624	1074	82.5398707420628
1075	85.626597988233	1075	83.2218334288151
1076	85.2797469906509	1076	84.0022351549566
1077	83.9353413406759	1077	84.9348485675951
1078	84.0040803354234	1078	86.0233985583733
1079	82.0374027125537	1079	87.3254182570677
1080	81.0699869219214	1080	88.7322753175349
1081	82.4120895374566	1081	90.3531404061368
1082	87.0530907094479	1082	92.1728027144572
1083	90.3111788000911	1083	94.1392595969886
1084	94.4968643657863	1084	96.0811887669315
1085	98.5109241582453	1085	98.2846287976951
1086	102.953206384555	1086	100.521659956674
1087	104.761384031922	1087	102.977777210747
1088	108.063303117827	1088	105.562387595251
1089	112.076843322068	1089	108.208078570987
1090	115.123451226205	1090	110.457314141368
1091	114.408684539795	1091	112.495843310952
1092	116.986941802129	1092	114.01833755374
1093	117.559547720104	1093	115.04393499511
1094	118.879161523655	1094	115.52281061771
1095	119.839142689481	1095	115.57718513901
1096	122.09745417349	1096	114.879263515224
1097	120.791624265164	1097	113.539798159599
1098	120.889116343856	1098	111.742739299859
1099	117.334278007597	1099	109.774340095793
1100	113.8948857788	1100	107.390612303341
1101	110.136340723559	1101	104.970217829819
1102	105.577001851425	1102	102.51431078578
1103	97.5944787610322	1103	99.9854784123351
1104	91.9848629876971	1104	97.4600299771379
1105	88.1675683300942	1105	95.3717188052337
1106	84.8826964788139	1106	93.4826571740955
1107	81.2310249153525	1107	92.0591906520973
1108	81.2536306172609	1108	91.0705149156352
1109	82.0405558630824	1109	90.4145414980501
1110	81.9066570878029	1110	90.1976672526201
1111	84.2157276455313	1111	90.7604138671607
1112	89.466956686601	1112	91.8439590015014
1113	92.553191876784	1113	93.2742222116888
1114	95.982280177623	1114	94.9360630559425
1115	99.0647497318685	1115	96.5673472047846
1116	100.296739459783	1116	97.8098092491677
1117	102.323888169974	1117	98.6327933918437
1118	106.035677979141	1118	99.1373989076416
1119	108.238040002808	1119	99.1421016245336
1120	109.621516482905	1120	98.6065082499634
1121	109.810309142619	1121	97.7710424627116
1122	105.700287147984	1122	96.7067045493176
1123	99.8905612830073	1123	95.4222091714293
1124	94.3853180032224	1124	94.1401121724646
1125	89.4757398247719	1125	92.7241747489075
1126	84.2862683989108	1126	91.2219849215697
1127	81.4330560680479	1127	89.715469254007
1128	80.0212050680071	1128	88.3558557851116
1129	80.0172114767134	1129	87.3118938946973
1130	79.7973190635443	1130	87.10354323335
1131	81.0652844753116	1131	87.7413788544884
1132	81.0848268166184	1132	89.1042969326427
1133	83.5028305690736	1133	91.0204490900288
1134	85.6403049893677	1134	93.3669408398619
1135	89.2273144494742	1135	95.8295728591333
1136	94.150880786404	1136	98.3759459088495
1137	102.575027227774	1137	100.906333510603
1138	109.458095600083	1138	103.615201959908
1139	114.829089175537	1139	106.448955714901
1140	118.218022185564	1140	109.611364860162
1141	119.483644646406	1141	112.796779785032
1142	118.37253635712	1142	116.2404423478
1143	118.216800813749	1143	119.664862461637
1144	117.97302550301	1144	122.94582491835
1145	120.430345803127	1145	125.714836636062
1146	123.571590800211	1146	128.139492582828
1147	128.520963995531	1147	130.031704322075
1148	131.284054442123	1148	131.569547135532
1149	137.295243430883	1149	132.815489967118
1150	140.593616157025	1150	133.909781832049
1151	143.365317637101	1151	134.593491641829
1152	144.110202993453	1152	134.863889811908
1153	145.827934801579	1153	134.471493719916
1154	143.212265264243	1154	133.484592585489
1155	141.28566438742	1155	131.7971148213
1156	138.172787120193	1156	129.71873259681
1157	134.786914331093	1157	126.953349590972
1158	128.472447960451	1158	123.837584863752
1159	122.028998054191	1159	120.462822859759
1160	114.544404423237	1160	117.21426814874
1161	108.768073783815	1161	114.095551740676
1162	103.208797532693	1162	111.64300462087
1163	100.108321074769	1163	109.671642806207
1164	95.8144983433187	1164	108.189394907107
1165	93.857145248726	1165	107.052334224929
1166	92.7438875772059	1166	106.553472146764
1167	95.3818823281676	1167	106.695085948979
1168	99.047188680619	1168	107.631138686165
1169	106.42405846715	1169	109.143581409951
1170	111.715237167478	1170	111.192275125186
1171	115.93906863369	1171	113.461923331966
1172	117.73100409843	1172	116.07182402581
1173	120.989516787976	1173	118.768709212393
1174	124.153205087408	1174	121.659766680226
1175	128.585195481032	1175	124.311970326752
1176	131.454714640602	1176	126.608752709826
1177	133.939203261212	1177	127.959168607568
1178	134.153044176474	1178	128.597380499194
1179	134.963008750975	1179	128.577275998443
1180	134.310423047468	1180	128.219674872284
1181	136.109749594703	1181	127.454464897464
1182	135.164937026054	1182	126.34550434875
1183	133.498924426734	1183	124.772000551696
1184	126.680296933278	1184	122.771356852179
1185	121.288415541872	1185	120.391161617488
1186	115.63750112243	1186	117.914426551536
1187	112.366987206042	1187	115.401759199227
1188	109.51136716567	1188	112.931959850291
1189	107.518796856701	1189	110.372696477075
1190	104.982638525218	1190	108.112211674551
1191	101.44505914785	1191	106.202900604581
1192	98.236274740845	1192	105.020481994599
1193	97.0020181871951	1193	104.515837560967
1194	97.2729984663427	1194	104.701814519788
1195	97.2634328134358	1195	105.018434503352
1196	97.7207989964634	1196	105.387951206788
1197	101.25766498819	1197	105.624746272912
1198	104.85925837718	1198	105.804059067741
1199	108.944017783552	1199	106.013639352048
1200	113.718749037385	1200	106.462059639146
1201	118.427155504748	1201	106.969758799473
1202	117.116286959499	1202	107.43488182577
1203	115.054117717221	1203	107.814678837533
1204	111.070722848549	1204	107.998589863181
1205	107.672330447659	1205	107.836666233987
1206	104.588763412461	1206	107.298448057175
1207	104.962579047307	1207	106.563487076834
1208	104.617505592108	1208	105.654774418548
1209	104.24984386079	1209	104.738512160803
1210	102.960387989879	1210	104.172388759504
1211	100.479464381188	1211	103.896982736637
1212	98.8288105502725	1212	104.042284725234
1213	96.7859857250005	1213	104.572845869909
1214	97.9196030784398	1214	105.397800652832
1215	100.088059163094	1215	106.224875946442
1216	104.683221638575	1216	107.346673504288
1217	108.624435940012	1217	108.679722273474
1218	110.923027374223	1218	110.310988821561
1219	113.2502526775	1219	112.394602071544
1220	115.630747617781	1220	114.776718089804
1221	116.963085156307	1221	117.295505911087
1222	117.368708451465	1222	119.547480517998
1223	121.444468959793	1223	121.275915135692
1224	124.245575398579	1224	122.183334185481
1225	127.429386211187	1225	122.5079916771
1226	131.733663130924	1226	122.251044905956
1227	134.56055082418	1227	121.631996911988
1228	134.567803044245	1228	120.635933441023
1229	131.69922218211	1229	119.311241356035
1230	126.014578428492	1230	117.576278851976
1231	118.294507385418	1231	115.17047323751
1232	113.494298314303	1232	112.211156733185
1233	107.06882580705	1233	108.862635170768
1234	103.964532767981	1234	105.189262906686
1235	100.689795553312	1235	101.356656303903
1236	97.0927038814873	1236	97.7712387116999
1237	91.3442708905786	1237	94.6684341094147
1238	85.3573847427964	1238	92.2147043679904
1239	79.8558278337121	1239	90.5126702616613
1240	77.2015627749264	1240	89.3535616659622
1241	76.6330791696906	1241	88.900807350129
1242	77.0714517824352	1242	88.8270424437772
1243	80.7865391612053	1243	89.0947837801278
1244	85.1571531478316	1244	89.806716633464
1245	89.2086323071271	1245	91.1778408623487
1246	92.7639957904816	1246	93.0137341198574
1247	96.1076693788171	1247	95.3600499653072
1248	100.277511069551	1248	97.9977321991076
1249	102.858059172705	1249	100.755571940665
1250	104.705915598571	1250	103.453094003151
1251	107.771696681529	1251	105.898225338409
1252	111.91113432385	1252	108.014251908213
1253	112.895783605427	1253	109.86947864905
1254	115.050565515459	1254	111.188325141569
1255	116.766796281934	1255	112.051544025863
1256	118.000675293058	1256	112.401240053649
1257	117.534282719716	1257	112.364692445671
1258	117.463509190083	1258	112.032810856973
1259	116.897551694885	1259	111.538276782632
1260	117.037033419684	1260	110.815871449436
1261	112.546693178266	1261	110.071824743872
1262	109.055952643231	1262	108.999096956501
1263	105.522951486334	1263	107.514808704505
1264	102.309845053032	1264	105.706067741886
1265	99.7276917681098	1265	103.647366958881
1266	100.35368556641	1266	101.494502971893
1267	101.075054325908	1267	99.5431530575951
1268	101.735083021969	1268	97.9311423732092
1269	98.9596487049013	1269	96.9812318607917
1270	94.5024725019932	1270	96.6400915037344
1271	90.8695608537644	1271	96.8131329531968
1272	86.653770974651	1272	97.4428586147478
1273	85.1705493852496	1273	98.3940171592683
1274	87.627302980423	1274	99.5188123725355
1275	92.8568731538951	1275	101.017794998164
1276	98.298035492003	1276	102.873321362212
1277	103.938847287372	1277	105.415158396661
1278	108.11857322827	1278	108.715492348373
1279	111.755729976296	1279	112.563236347164
1280	113.995069935918	1280	116.776039818625
1281	117.225613765419	1281	120.992391331817
1282	123.559793710336	1282	124.729763683453
1283	129.567978482693	1283	127.938730387663
1284	137.087204221636	1284	130.643480794504
1285	144.007481777668	1285	132.92969923238
1286	148.585720835626	1286	135.124299284567
1287	149.845823046565	1287	137.229436292922
1288	148.41582208313	1288	139.208056878497
1289	143.68788825497	1289	140.819106058404
1290	140.99137371704	1290	141.712114814669
1291	138.869291594625	1291	141.818355392019
1292	138.232123855501	1292	141.16858854567
1293	141.037574011087	1293	139.795775320505
1294	143.332785101607	1294	138.027053239668
1295	143.674378719553	1295	136.103222840279
1296	141.391351464018	1296	134.148600786775
1297	136.954925054312	1297	132.352581203481
1298	131.161587142944	1298	130.483930006896
1299	127.340701526403	1299	128.561318033561
1300	123.415283400193	1300	126.543451330562
1301	122.054889623076	1301	124.209334344839
1302	120.988367055729	1302	121.788387670616
1303	119.096491280571	1303	119.54167482848
1304	116.747594505548	1304	117.568935649246
1305	112.961605768278	1305	116.002264520327
1306	110.030111994594	1306	114.998679102709
1307	107.964123310521	1307	114.229435972323
1308	106.025819225237	1308	113.764782397548
1309	107.018584988266	1309	113.30595493344
1310	109.973686087504	1310	112.860626002476
1311	111.800263775513	1311	112.572577906773
1312	113.454858120531	1312	112.421626614407
1313	116.107805878669	1313	112.447137043203
1314	115.802054570615	1314	112.773747568528
1315	116.445479778573	1315	113.330009396548
1316	115.172477661446	1316	113.998700097303
1317	114.308433091268	1317	114.70073906228
1318	114.775769845024	1318	115.329270239249
1319	114.483325120062	1319	115.897676215718
1320	113.344262200221	1320	116.477514916485
1321	114.929269874468	1321	116.903973181769
1322	116.308050730824	1322	117.470397992581
1323	116.056179736555	1323	118.038032748699
1324	117.549169462919	1324	118.801347317149
1325	119.401653742045	1325	119.656953052009
1326	120.326353422552	1326	120.760612067406
1327	122.152438632026	1327	122.086919307957
1328	122.504679857939	1328	123.630089060565
1329	124.298426732793	1329	125.023230165293
1330	124.960001120344	1330	126.380033988655
1331	126.622196188197	1331	127.698466227974
1332	127.142519114167	1332	128.765088386883
1333	131.330655075982	1333	129.672679032534
1334	134.377933728322	1334	130.578325627496
1335	136.491808489338	1335	131.198964151045
1336	135.826386445388	1336	131.663764302209
1337	136.660108081251	1337	131.933552765573
1338	135.832663326338	1338	132.037516542201
1339	133.548501846567	1339	131.850853606487
1340	133.015513426811	1340	131.596278799151
1341	133.911052346975	1341	131.046819749524
1342	131.462016485259	1342	130.37865170906
1343	129.476682125404	1343	129.67018881768
1344	128.345253683254	1344	129.329144396931
1345	126.519457769766	1345	129.274022489215
1346	123.822252152488	1346	129.61306638812
1347	123.323897004128	1347	130.202993586461
1348	123.088769331574	1348	130.800802087386
1349	124.355413121358	1349	131.190430612912
1350	125.864865118638	1350	131.495917131801
1351	130.710720134154	1351	131.584828910728
1352	135.833279465511	1352	131.463961828426
1353	140.918321809918	1353	131.323587356086
1354	142.397409821674	1354	131.169435467745
1355	141.982640940696	1355	130.866226910974
1356	139.755480229855	1356	130.536059521064
1357	136.044314268604	1357	130.237152206103
1358	130.810358809307	1358	129.850690145716
1359	126.532247448713	1359	129.143828412667
1360	124.413840684667	1360	128.20264742059
1361	121.509973827377	1361	126.974444788545
1362	118.775768652558	1362	125.53441370142
1363	118.136258482933	1363	124.211341468891
1364	119.87180339694	1364	123.275058791637
1365	120.067934212834	1365	122.712333221684
1366	120.107794138417	1366	122.637843412459
1367	121.71556458436	1367	122.986468285645
1368	122.495282329246	1368	123.473077368264
1369	120.796943514794	1369	123.997905736193
1370	122.136557452753	1370	124.57636054193
1371	125.711240071058	1371	125.03208357056
1372	127.603430719301	1372	125.231078152731
1373	129.693011670932	1373	125.394787227064
1374	131.761620546505	1374	125.567393232808
1375	131.712976923957	1375	125.586483199075
1376	129.382399346307	1376	125.60936102214
1377	127.452590738609	1377	125.898474747116
1378	124.972103912383	1378	126.150360499918
1379	122.856722129509	1379	126.392999541362
1380	122.523570327833	1380	127.029186205169
1381	122.696884224564	1381	128.08307603096
1382	122.00191407837	1382	129.766800173124
1383	122.838449675217	1383	132.496490807335
1384	125.133649389446	1384	136.564419826046
1385	125.914843744785	1385	142.018220313713
1386	129.350825692713	1386	149.129808980251
1387	137.146230676398	1387	157.873435442348
1388	145.501359057799	1388	168.138354977667
1389	157.017482678965	1389	179.754267959322
1390	172.658336437121	1390	192.7220972387
1391	190.401334626973	1391	206.67936690333
1392	209.259598053619	1392	221.378820789978
1393	231.645933910459	1393	236.895755285919
1394	254.011119060963	1394	253.108275475303
1395	276.497363357618	1395	269.675936667919
1396	296.935578949377	1396	286.625909858942
1397	316.519353269041	1397	303.790915836692
1398	332.197494644672	1398	320.790941358656
1399	345.625457689166	1399	337.437282974248
1400	358.668861183897	1400	353.676499156927
1401	372.538628533483	1401	369.25542329361
1402	385.661148565635	1402	384.295654199521
1403	399.750956923142	1403	398.794441158647
1404	414.492572345212	1404	412.934329793876
1405	427.658719266579	1405	426.614924490154
1406	440.096458860859	1406	440.068443972195
1407	452.847840793803	1407	453.248836921876
1408	465.329795960709	1408	466.044860778476
1409	479.614582649618	1409	478.189483392512
1410	493.979167744517	1410	489.83226475892
1411	509.033908477798	1411	500.793156306421
1412	521.728273713216	1412	511.008671932941
1413	534.000286875293	1413	520.635244325772
1414	543.331351934373	1414	529.795545363799
1415	550.609219032899	1415	538.281592694297
1416	554.707967744023	1416	546.011604114075
1417	560.302869061753	1417	552.77279410695
1418	564.164330135658	1418	558.472293323427
1419	567.725306743011	1419	563.080800011307
1420	572.057305159047	1420	566.856399635027
1421	577.500974431261	1421	569.963492876316
1422	580.138550751284	1422	572.748524493078
1423	581.27996725738	1423	575.325354026233
1424	581.032432542741	1424	577.837897398074
1425	579.471655991674	1425	580.064418963318
1426	578.161508795991	1426	582.137086017976
1427	578.362268069014	1427	583.957042070304
1428	580.606685494632	1428	585.50166088673
1429	585.106826185808	1429	586.74723071595
1430	589.26166203022	1430	587.972573809723
1431	592.396118321642	1431	589.189342985228
1432	593.700692540407	1432	590.389943276594
1433	595.25433595553	1433	591.718257921264
1434	595.024647527933	1434	593.07812223052
1435	595.226587405428	1435	594.205648552204
1436	596.18452186957	1436	594.977461707319
1437	598.518697157875	1437	595.242127590801
1438	599.53150488995	1438	594.879474131143
1439	599.041436913237	1439	593.981883651193
1440	599.396375661716	1440	592.80044890677
1441	598.559473434836	1441	591.405890281474
1442	595.275162894279	1442	590.088307788348
1443	592.183882821351	1443	589.018323831137
1444	589.07681443803	1444	588.178241372432
1445	583.821860135347	1445	587.533904791698
1446	578.932261122391	1446	587.156427434385
1447	575.979171374068	1447	587.123372477219
1448	574.335956576094	1448	587.33770665365
1449	575.260910131037	1449	587.910715841726
1450	579.176828047261	1450	589.03739040864
1451	583.583284988999	1451	590.736691469501
1452	588.853648446873	1452	593.041501391282
1453	593.869344530255	1453	596.126842381532
1454	598.545612555742	1454	599.978967358603
1455	602.611388308182	1455	604.511215455441
1456	607.154611255974	1456	609.082412701884
1457	612.175281397998	1457	614.119204735293
1458	617.673398734257	1458	619.176473234567
1459	623.648963264748	1459	624.490179749597
1460	630.101974989101	1460	630.420273118641
1461	636.714135778447	1461	636.926334531399
1462	643.962892826647	1462	643.96289282665
